3.871890737901933499e-01
6.093489766448990652e-01
6.467724880339816851e-01
6.866909854626482845e-01
7.169132462746595769e-01
7.297807162890334043e-01
7.006925642020789269e-01
7.097345068871975249e-01
7.307141820201237259e-01
7.113123430217992427e-01
7.336816487691546484e-01
7.276811962285942847e-01
7.257788029480467529e-01
7.354425984927767113e-01
7.342675649481292810e-01
7.248105037985714816e-01
7.413194726165585058e-01
7.337734911749361766e-01
7.206083258351726473e-01
7.283363344143335416e-01
7.348985271138740449e-01
7.402168001567108746e-01
7.331932838341339576e-01
7.259520777113158685e-01
7.357331008280877382e-01
7.328770088212905875e-01
7.383182555579419493e-01
7.276088598655167106e-01
7.336122173141280678e-01
7.430531112452839482e-01
7.394957776142508932e-01
7.378534567571852776e-01
7.391335949718431664e-01
7.453276897189408112e-01
7.431420015477957497e-01
7.390581471400962110e-01
7.437412378799734824e-01
7.453070584348188143e-01
7.477490145439803504e-01
7.349151904465367480e-01
7.458532196210260201e-01
7.477432642024156584e-01
7.380523744292792898e-01
7.386992769231558453e-01
7.463615398788275845e-01
7.370634505657688296e-01
7.361768312177062734e-01
7.422484150654041768e-01
7.350616468528757830e-01
7.461487175342457201e-01
7.472354838369256180e-01
7.482409987658917849e-01
7.401293386590831469e-01
7.430313320612214056e-01
7.441683406719737937e-01
7.447171840709879698e-01
7.513289987417101079e-01
7.423227960880393050e-01
7.400884756505691220e-01
7.509038349676288027e-01
7.321662747600518051e-01
7.418170151414292812e-01
7.433315990307827192e-01
7.496013229348389428e-01
7.475946835786145828e-01
7.362387809844460618e-01
7.493339255681346067e-01
7.478175893298898425e-01
7.456188077989404084e-01
7.386214805675709316e-01
7.423223280012215541e-01
7.526703169043571506e-01
7.460102438134281755e-01
7.467957238569172818e-01
7.459831662842226763e-01
7.463188663757701624e-01
7.463597049172913112e-01
7.499865669109039290e-01
7.483027806076854027e-01
7.447252327986113585e-01
7.507092935216075347e-01
7.399966444927463805e-01
7.421161277989599681e-01
7.460397519848388503e-01
7.474962253052105376e-01
7.482647294929239967e-01
7.434028433200157160e-01
7.454583390451393621e-01
7.503229253427319279e-01
7.466264625406832112e-01
7.499378436571958462e-01
7.410236140586423659e-01
7.517028281485976793e-01
7.431695790655409306e-01
7.417801509721683173e-01
7.523875951374373594e-01
7.478193392530420036e-01
7.415318727926929476e-01
7.432273035885627044e-01
